100
100
7,36,40,22,30,7,30,31,41,24,42,20,48,7,39,37,7,19,33,16,40,9,41,3,2,19,3,38,29,28,45,38,14,38,12,44,47,42,27,38,16,19,10,16,29,0,5,36,21,39,5,12,48,46,17,0,16,22,40,47,0,38,35,16,26,47,12,25,41,40,13,7,11,25,25,40,25,31,29,47,20,34,11,20,30,30,20,48,2,12,45,4,0,32,20,26,31,32,1,22
24,16,31,36,42,7,26,19,38,5,16,10,41,29,30,22,9,2,22,11,14,20,15,15,2,37,43,34,22,47,8,46,13,40,34,7,47,11,27,37,18,45,47,12,25,29,34,34,31,8,48,45,28,15,12,31,3,6,17,25,3,25,23,18,17,8,26,14,21,3,3,41,0,0,3,25,29,39,12,12,48,12,10,26,27,22,9,32,28,28,9,33,6,33,2,23,43,28,40,14
33,43,7,33,46,11,11,27,0,23,40,0,37,0,29,16,22,40,49,3,21,10,38,27,45,40,2,38,20,42,4,5,36,12,39,32,23,2,9,25,27,1,28,14,1,7,30,26,49,31,31,20,42,19,49,37,10,2,26,32,46,30,38,32,44,29,16,19,31,28,47,8,29,25,22,33,34,2,9,33,36,42,6,28,11,5,15,23,9,43,6,6,26,44,40,20,23,7,42,6
37,39,14,16,14,36,1,48,40,12,33,26,4,39,6,16,45,24,41,6,17,47,12,45,43,3,16,18,12,8,24,49,49,40,17,13,26,19,13,19,31,46,47,38,38,4,6,35,28,47,41,47,47,4,43,42,7,11,11,19,21,37,20,20,28,37,33,6,8,48,27,42,44,25,30,34,31,38,19,11,35,11,8,34,17,3,27,26,14,40,47,35,27,17,5,7,6,40,16,15
38,43,9,35,20,41,19,3,29,39,14,16,2,25,1,21,28,28,47,43,18,46,30,47,13,36,5,21,28,23,38,17,18,47,2,41,38,21,44,19,12,11,36,16,38,37,39,18,17,38,13,35,34,44,34,49,32,41,21,10,14,9,27,33,9,31,26,47,5,22,19,19,35,5,38,23,44,27,42,11,16,5,46,0,1,32,2,33,24,23,44,38,34,23,23,43,5,1,43,12
24,12,31,9,19,19,33,13,49,27,24,15,34,22,17,36,4,19,21,28,44,17,19,29,41,44,24,48,46,17,10,20,31,43,29,0,13,14,13,14,43,39,29,30,11,48,16,18,20,39,48,14,7,17,45,0,14,20,0,10,39,10,30,21,5,11,23,20,28,39,34,21,28,15,3,42,14,21,10,34,11,8,0,18,28,46,20,42,18,20,2,7,32,34,30,37,47,6,10,25
45,44,49,23,10,2,17,26,24,27,12,37,36,14,7,16,10,27,8,30,49,10,40,31,46,20,20,43,28,30,21,23,27,22,49,39,26,16,15,2,46,29,39,32,43,46,48,6,25,8,36,24,18,28,7,14,49,30,9,29,10,30,3,39,4,4,28,31,20,45,33,16,26,25,0,20,23,0,28,49,8,14,25,28,43,35,44,44,15,4,25,27,36,28,17,41,32,47,24,5
45,9,23,21,34,26,43,8,26,21,9,37,38,36,17,33,21,12,29,38,18,4,16,6,33,35,49,17,34,23,24,29,33,48,3,19,24,46,27,2,18,38,41,6,25,9,39,46,23,18,35,41,22,3,47,7,40,49,27,24,22,1,6,7,1,9,27,27,5,6,30,25,45,23,31,20,32,20,16,5,40,3,48,15,8,48,22,48,47,49,25,19,3,31,27,4,42,6,34,49
12,16,25,7,39,8,27,22,31,46,29,21,1,28,36,10,26,9,10,23,10,37,44,15,20,23,22,12,29,6,14,44,22,39,1,11,49,31,35,30,29,15,2,30,45,40,42,23,1,5,48,12,42,44,27,13,18,1,27,49,7,41,45,29,32,47,41,32,30,28,12,9,43,16,41,40,7,34,15,8,39,13,22,33,10,2,46,28,3,26,29,11,17,25,40,2,24,33,36,6
12,0,15,7,17,6,48,24,42,15,32,33,29,5,17,39,7,15,19,10,41,0,23,11,27,14,13,3,49,1,9,11,1,26,19,18,33,19,42,27,34,27,11,15,34,28,6,43,43,25,5,37,28,29,48,5,45,13,9,44,14,20,6,15,47,27,34,32,46,28,9,32,7,22,48,43,2,4,36,48,32,44,35,10,25,33,17,20,48,28,16,12,49,24,29,48,1,15,32,49
46,41,32,3,16,30,49,18,36,37,18,18,31,3,30,6,38,0,28,36,28,45,0,29,19,30,29,23,45,11,24,41,5,6,47,21,38,46,41,27,35,10,47,17,15,28,25,4,30,6,42,10,3,43,40,24,23,21,47,20,33,22,12,40,30,11,11,21,9,4,48,44,16,45,13,32,25,41,36,5,47,28,16,0,23,8,24,46,29,24,17,14,46,31,4,28,44,15,49,3
22,47,49,38,43,13,22,18,4,10,26,3,39,42,3,14,0,29,13,29,3,32,46,1,13,0,30,9,18,29,14,40,29,13,30,24,28,3,44,34,13,20,37,4,12,42,19,14,22,32,46,25,14,42,29,29,42,9,38,10,40,2,2,21,17,33,45,46,36,40,30,1,12,20,6,27,12,25,43,36,9,39,14,23,33,43,4,26,4,44,38,46,46,41,18,15,26,13,11,12
5,44,13,20,16,21,47,28,48,40,17,7,32,31,32,15,26,36,43,30,30,34,26,28,25,46,46,3,10,7,17,17,3,30,37,19,4,36,0,2,27,19,10,11,2,42,26,28,31,22,10,13,6,38,44,33,35,40,36,47,49,3,14,5,35,4,24,39,40,26,42,19,47,4,30,49,48,9,27,29,31,39,45,37,28,39,20,13,29,6,12,30,11,28,35,46,32,12,38,23
40,30,44,38,36,25,37,34,34,15,16,17,4,11,4,34,2,26,49,33,34,11,13,45,40,49,41,24,13,31,49,3,11,44,41,49,19,29,34,5,46,2,22,2,15,28,37,17,4,38,0,38,0,13,33,42,14,26,16,27,8,18,31,21,12,24,23,33,3,7,40,49,11,12,4,26,42,41,43,46,31,43,36,33,8,21,25,25,49,44,4,9,12,37,33,26,12,6,9,15
15,49,17,26,13,21,2,5,14,47,3,45,40,41,29,0,14,6,27,13,2,32,23,16,19,8,42,31,14,1,49,29,2,18,5,15,39,9,22,5,6,27,2,48,18,33,0,32,40,28,48,44,10,23,11,29,31,5,13,45,9,12,26,11,30,31,29,21,42,1,28,48,29,30,48,49,14,48,32,6,26,32,0,36,5,13,18,36,19,33,33,28,47,9,39,29,42,18,2,34
22,30,34,3,10,32,2,26,30,36,32,7,18,35,45,23,48,15,11,17,0,44,47,47,5,37,28,47,7,30,33,31,10,17,34,23,1,37,49,32,23,32,41,42,19,38,17,17,4,31,35,6,25,34,4,31,23,32,30,31,15,14,12,25,33,47,48,35,36,0,17,9,34,10,3,3,48,23,20,4,4,7,11,31,42,17,14,15,1,45,48,16,11,13,44,44,12,42,29,48
42,48,9,26,8,15,31,9,38,2,13,44,9,26,25,3,45,40,19,47,37,19,15,48,32,9,42,44,2,24,42,46,22,2,25,33,19,6,42,7,10,7,3,22,36,28,25,31,20,46,30,7,16,46,5,48,5,0,45,9,24,37,8,46,41,33,31,12,41,25,21,4,35,24,26,21,5,3,4,25,0,35,35,18,31,42,18,36,42,13,48,16,3,6,15,46,41,46,9,32
24,30,38,9,5,14,32,10,18,36,37,20,21,22,38,2,17,6,41,9,20,41,26,25,47,41,21,38,39,30,22,13,11,11,24,18,27,6,28,47,43,17,17,14,42,5,19,9,14,12,18,36,5,46,11,2,39,32,42,31,15,16,44,26,29,21,44,7,27,24,4,22,43,24,39,35,29,10,44,45,22,15,31,29,11,42,31,3,27,25,34,42,41,30,20,23,1,16,30,31
42,36,3,35,10,42,23,42,2,19,37,26,34,21,5,48,15,38,1,42,13,37,36,7,17,8,30,21,26,12,2,18,0,5,6,13,0,29,7,2,48,46,31,35,17,38,35,33,27,38,27,42,25,14,49,42,24,31,13,1,43,17,21,46,23,27,9,23,8,16,27,9,12,10,46,32,49,31,15,28,19,42,20,46,8,22,38,33,3,4,36,49,21,7,47,46,37,6,21,45
24,1,6,38,11,2,20,12,33,37,40,4,32,11,0,40,35,41,25,40,45,11,39,18,21,38,17,8,46,38,3,20,39,12,11,3,14,31,15,48,21,6,4,3,19,5,45,4,48,21,44,45,34,36,13,5,24,32,15,21,21,21,43,12,33,4,17,47,38,33,47,11,41,2,14,12,9,9,16,7,32,12,2,17,0,17,24,25,2,42,48,23,13,43,37,46,0,7,45,40
42,45,1,35,49,15,47,8,26,13,17,9,27,21,28,28,40,2,5,42,46,5,17,9,48,7,7,0,14,3,40,8,48,41,43,47,8,40,7,35,5,26,44,32,47,24,10,39,28,17,32,25,22,1,34,23,8,44,23,24,47,14,32,47,7,25,46,16,15,5,3,20,31,49,3,30,23,15,19,1,33,3,26,7,5,13,30,15,7,4,40,6,20,22,5,27,48,3,45,15
8,48,36,41,47,41,21,22,8,42,24,41,48,2,49,5,15,31,20,22,35,10,30,5,35,35,35,35,38,32,0,48,31,38,39,30,29,12,3,38,7,29,31,7,31,32,12,47,16,34,21,1,47,4,9,32,41,46,17,32,28,17,30,11,6,22,42,37,36,47,27,43,26,11,0,7,45,14,6,11,49,30,15,46,34,24,28,25,22,47,7,0,16,40,12,24,12,6,12,48
5,41,42,33,4,44,42,0,11,49,13,10,29,28,6,15,4,36,40,26,35,0,29,1,40,43,26,2,1,40,2,6,33,46,39,38,41,31,40,2,32,3,14,13,32,22,28,36,8,21,15,43,21,44,46,13,37,24,17,38,14,19,46,0,16,37,38,9,18,28,11,1,33,27,14,15,49,45,4,7,18,21,2,39,15,0,4,4,25,21,44,41,40,42,41,6,29,31,15,47
9,28,0,43,5,17,10,4,14,16,13,32,37,17,23,4,18,27,10,45,48,4,36,40,46,30,49,27,11,16,25,23,45,27,18,2,46,28,9,10,47,22,42,34,42,15,39,12,42,49,7,42,6,45,35,4,27,34,32,39,0,9,12,47,38,30,0,35,10,9,45,7,33,40,44,27,5,33,39,0,34,48,44,42,46,29,47,23,13,31,14,14,42,26,13,30,8,13,15,21
24,13,30,10,3,24,37,8,9,29,10,44,29,5,36,25,34,35,1,0,16,15,16,8,44,29,41,2,45,6,25,19,21,6,31,24,30,21,35,40,0,45,34,29,0,22,7,37,10,8,39,28,23,5,39,17,36,30,22,31,38,47,3,10,3,34,34,34,5,19,26,7,15,12,37,17,34,46,6,44,6,45,25,31,0,14,1,37,44,23,20,32,22,23,42,28,8,27,14,15
48,40,23,13,2,12,33,38,8,39,35,14,35,10,47,37,24,48,26,20,23,47,2,48,20,47,26,30,24,42,46,24,32,19,40,36,31,23,24,41,14,11,7,49,21,4,39,47,3,15,17,28,14,22,26,35,19,4,15,45,46,11,19,28,32,9,16,13,32,43,4,47,4,11,48,28,16,39,25,21,7,45,49,21,17,28,6,36,32,24,31,29,37,0,9,20,12,26,33,44
19,40,43,25,1,44,3,19,33,31,42,40,26,44,12,43,22,20,31,6,44,14,35,34,16,47,4,28,25,39,25,46,29,18,21,33,12,25,4,46,6,47,38,34,41,0,27,13,23,10,21,17,26,7,3,42,6,7,21,31,49,48,29,30,16,0,13,31,27,18,29,33,15,17,17,8,20,46,23,43,8,44,12,34,3,16,29,9,25,2,42,24,0,21,5,18,24,18,49,1
38,28,37,5,48,6,13,18,5,38,11,15,33,23,0,36,41,29,48,17,33,42,41,33,16,46,1,40,17,3,43,7,33,32,13,31,39,28,49,44,19,12,9,2,38,11,40,29,42,40,46,25,33,38,10,1,36,14,43,5,17,36,13,0,19,28,32,10,8,33,6,27,48,17,31,36,29,22,15,23,14,14,1,47,2,11,0,40,25,43,46,42,32,11,45,3,41,29,13,49
12,19,29,12,36,10,48,17,34,16,43,49,30,44,48,34,7,49,26,33,44,24,27,26,35,24,29,28,3,44,30,18,13,9,30,2,21,31,19,6,47,12,7,29,8,5,15,16,6,41,49,3,16,28,29,3,3,11,32,6,5,12,26,19,23,7,23,44,40,44,2,39,7,9,18,17,17,33,33,23,26,34,26,44,13,8,48,18,19,32,26,26,46,3,47,19,12,20,13,2
15,16,41,24,27,11,41,44,46,25,18,22,9,46,17,24,6,17,44,25,49,21,4,45,26,1,14,38,22,29,42,39,47,35,13,25,46,4,19,42,31,39,16,43,36,35,17,42,2,12,20,3,35,24,48,11,27,14,1,49,44,43,40,41,28,3,16,26,10,38,18,41,27,36,34,15,22,4,10,26,18,32,30,5,8,28,16,35,45,17,37,39,10,27,32,40,31,1,16,43
39,36,34,18,22,21,34,46,27,46,23,47,28,3,2,36,33,18,21,28,37,8,17,49,38,2,39,21,5,5,14,44,41,0,14,15,23,48,12,0,44,35,49,24,38,1,10,21,21,34,2,8,44,19,7,32,23,46,3,28,3,17,24,44,20,39,10,43,39,24,44,36,9,43,10,49,47,21,22,18,5,24,29,49,46,36,34,19,35,37,0,38,7,24,35,27,15,47,22,5
21,18,43,30,14,3,31,11,26,3,31,33,28,10,33,26,49,19,45,34,6,47,24,15,22,11,44,39,8,17,44,31,35,39,11,1,43,42,12,19,48,44,3,28,6,38,4,5,7,49,41,15,49,18,33,23,29,29,12,40,48,9,21,36,48,35,37,41,29,0,13,27,46,18,5,2,8,9,10,17,11,3,34,10,21,17,33,3,49,47,43,47,6,14,33,5,49,21,48,31
23,13,8,21,31,14,25,41,25,35,8,38,39,43,48,12,12,33,15,11,31,10,11,39,27,46,44,28,17,45,9,42,8,18,13,40,34,39,33,11,26,42,0,17,37,48,32,49,34,49,13,17,10,26,6,37,22,1,17,42,48,27,36,6,47,0,48,31,41,32,42,17,24,44,37,13,43,19,12,29,18,27,46,30,5,2,19,28,5,37,20,3,14,6,12,13,8,10,46,1
42,38,21,18,35,8,31,30,29,46,9,47,25,7,30,31,11,49,9,19,36,31,24,2,39,36,15,0,47,11,1,41,2,22,12,37,32,45,19,11,41,28,11,19,35,43,0,46,42,11,17,31,44,42,35,33,28,3,35,27,16,37,21,20,11,33,9,46,28,28,9,22,6,22,43,43,15,43,42,10,6,9,41,0,1,26,35,30,31,21,7,48,10,28,18,23,13,28,19,44
6,31,18,13,3,11,8,21,6,0,31,12,10,24,12,13,2,49,43,34,20,3,32,30,33,0,6,49,30,27,43,37,8,11,2,14,24,10,37,30,11,20,44,23,44,8,36,48,7,32,32,28,35,16,10,20,19,16,19,49,46,14,36,6,27,38,20,1,49,9,33,12,29,27,35,23,35,21,22,43,3,6,23,40,23,33,11,44,2,32,43,0,47,30,6,24,20,29,26,21
38,11,33,18,39,18,43,26,40,17,21,45,24,44,36,49,30,49,43,34,31,38,34,28,18,40,5,41,21,33,12,10,44,46,28,35,16,21,12,8,39,33,4,15,30,42,16,10,41,9,44,24,49,30,5,20,22,10,11,44,43,23,4,39,21,34,25,38,5,39,46,46,22,2,11,4,44,29,14,35,38,10,12,38,40,17,10,15,27,21,9,22,46,15,11,18,49,38,8,6
27,4,5,2,7,18,6,3,48,23,41,38,33,3,28,26,20,38,41,47,9,2,21,6,19,32,26,20,21,34,28,0,40,33,2,49,2,11,3,0,34,46,38,19,49,17,45,19,5,38,18,17,42,39,23,11,23,1,33,44,37,12,47,27,45,1,29,47,12,34,49,48,30,38,18,29,7,15,0,12,6,18,29,48,7,4,12,30,5,45,27,42,9,26,22,5,27,3,4,42
37,4,42,17,44,12,48,1,28,48,13,34,16,45,34,25,49,46,7,7,44,34,1,3,12,25,10,40,28,15,34,15,21,26,34,15,39,32,16,19,30,31,5,46,26,39,21,28,38,29,35,34,15,36,39,28,14,0,20,42,17,6,8,40,32,42,5,23,25,23,42,5,4,49,4,31,39,27,9,29,6,46,13,24,34,2,4,48,4,26,41,23,32,1,13,16,45,20,40,22
43,34,28,48,36,34,31,25,11,42,4,18,38,19,44,24,23,48,23,28,26,16,3,8,17,17,24,14,39,16,37,33,3,17,33,39,1,14,16,12,6,22,32,46,41,26,20,16,26,43,46,2,11,0,12,30,19,39,45,8,5,32,41,10,49,26,1,0,40,17,14,48,39,47,44,32,25,15,49,4,10,45,6,22,47,21,2,16,10,47,25,17,31,18,28,30,45,31,32,37
49,47,36,40,46,30,23,21,47,24,25,8,21,34,32,19,5,34,35,17,34,12,34,17,33,14,48,30,46,32,17,47,31,5,37,27,38,12,49,35,38,26,45,10,10,27,29,17,14,16,34,48,29,21,15,14,35,15,44,33,0,13,32,31,19,20,9,7,34,10,44,23,36,40,35,49,17,14,16,31,30,3,31,11,24,49,25,11,16,19,47,16,35,29,0,4,1,11,13,36
21,7,11,9,47,46,10,15,12,29,48,44,32,32,6,8,31,33,19,47,5,18,16,40,48,16,44,49,27,9,35,0,16,48,11,14,44,24,31,6,3,29,1,37,11,9,45,44,42,16,44,49,35,10,39,33,28,35,34,7,44,20,9,11,18,22,27,15,46,8,23,1,39,26,38,3,35,35,49,30,2,43,29,39,3,21,24,33,8,8,40,3,30,49,16,1,24,45,16,20
5,41,22,44,18,12,49,5,48,49,35,2,42,17,43,48,40,17,31,48,27,24,3,8,25,21,9,49,16,27,20,21,18,44,18,38,8,19,44,6,18,31,10,13,48,5,11,40,22,44,39,2,18,44,10,44,16,21,43,34,48,15,8,18,11,26,7,20,45,3,26,16,34,39,29,33,44,42,23,19,36,14,21,7,9,33,3,27,4,46,11,4,14,19,24,25,47,33,45,45
36,24,11,21,13,42,6,9,34,31,30,22,46,3,31,7,36,34,34,42,31,45,48,47,17,23,22,14,8,18,9,45,44,22,18,7,16,26,18,2,7,49,25,5,4,6,12,41,43,46,35,24,44,34,23,11,9,45,27,17,15,37,14,9,11,32,18,30,10,39,32,18,38,9,25,42,18,38,35,11,36,21,37,30,5,10,43,14,7,21,33,23,10,48,34,23,32,3,3,43
42,36,13,32,45,38,26,15,28,14,26,15,35,13,47,42,25,43,8,33,14,41,8,26,41,42,49,26,45,3,21,39,39,34,23,36,24,0,4,3,14,30,20,1,46,19,45,21,12,3,6,28,46,14,4,38,7,4,16,4,7,37,44,48,21,19,36,47,19,40,2,35,21,22,38,19,44,33,42,6,36,49,35,33,15,41,23,22,45,39,29,2,26,25,2,49,44,39,48,16
29,1,1,2,25,40,23,19,25,16,28,12,17,15,47,32,6,22,7,2,11,38,6,39,13,11,40,7,0,38,23,31,41,27,36,17,19,9,38,44,27,18,6,46,33,5,31,40,27,38,44,40,26,2,29,41,13,21,48,15,12,24,47,3,1,35,22,22,46,13,16,24,31,25,20,15,30,1,7,8,41,3,0,19,5,32,12,19,3,11,34,15,37,33,21,40,20,45,12,17
8,30,43,40,5,15,7,36,19,16,46,12,19,46,32,24,28,44,45,34,7,30,1,46,15,22,36,36,20,0,5,28,31,0,20,36,15,29,24,34,45,22,47,14,19,31,41,49,27,36,35,37,18,37,33,36,11,22,24,31,24,29,12,5,29,34,44,46,14,18,31,11,41,30,28,12,13,19,13,40,7,49,27,26,36,13,12,47,35,38,31,9,17,43,17,48,27,13,44,43
33,27,5,26,9,33,38,22,4,4,15,11,3,44,39,41,7,3,40,44,41,21,6,10,16,25,10,46,38,7,39,21,36,46,48,46,31,38,20,37,42,35,1,45,32,42,38,39,46,29,36,39,0,42,2,19,17,14,17,5,21,6,28,8,5,26,6,38,15,28,26,7,16,29,5,48,21,43,37,19,24,23,9,27,17,13,46,34,27,13,41,49,21,20,9,28,48,17,17,13
45,45,23,11,24,30,11,47,25,49,17,0,24,28,27,44,41,25,30,18,40,22,19,13,44,28,42,42,47,11,8,45,8,33,6,34,15,18,31,40,19,48,42,45,26,21,41,17,48,22,38,38,46,7,2,40,38,44,34,35,7,44,30,15,29,39,49,44,9,30,37,30,31,31,27,7,5,19,27,3,41,17,42,37,24,46,29,14,42,15,2,49,12,32,14,41,23,15,38,34
45,27,14,28,10,42,38,15,13,15,19,4,32,13,43,8,9,24,23,1,39,25,2,3,9,18,47,35,33,37,19,30,16,34,9,26,28,47,42,43,14,13,47,48,28,42,6,37,16,31,40,7,8,44,13,18,12,10,3,47,47,22,27,13,8,36,41,38,35,35,31,1,48,30,49,26,24,8,15,40,39,7,0,48,1,13,18,15,25,21,12,24,45,40,39,6,28,30,46,16
16,30,17,16,10,17,43,37,27,10,27,16,18,29,16,21,44,34,37,19,7,1,43,5,41,32,11,22,15,7,38,31,39,7,47,0,26,42,39,3,5,18,22,23,48,38,46,42,25,35,14,32,37,9,37,30,42,0,2,9,8,42,40,49,0,39,1,26,34,40,32,39,9,4,14,7,42,10,1,17,46,15,2,35,25,41,15,19,42,20,28,2,12,20,1,14,11,3,43,45
43,25,34,2,29,48,11,23,11,13,43,9,30,45,44,7,36,11,28,30,31,8,32,44,28,34,10,42,39,3,37,32,28,24,37,7,24,48,31,35,13,26,46,46,21,42,3,9,4,34,40,35,42,24,31,23,10,42,15,49,45,4,32,26,28,21,35,5,19,18,42,35,44,39,31,17,31,36,27,35,20,19,23,15,43,6,40,4,48,5,5,46,11,39,24,42,10,9,47,30
28,39,17,22,28,48,40,12,36,19,47,9,38,22,26,33,29,16,39,29,23,45,27,34,34,1,26,45,11,25,27,39,15,46,11,45,46,3,7,32,22,7,43,10,29,19,46,8,35,35,40,8,32,17,45,19,19,21,14,30,47,43,21,14,39,32,9,35,38,17,19,10,24,13,23,5,34,19,16,20,6,6,30,39,23,25,8,42,49,24,24,46,19,45,12,10,30,21,47,18
40,16,28,16,31,1,22,16,22,38,38,29,46,18,20,19,44,28,14,43,4,40,41,23,36,3,35,16,26,32,36,19,0,14,35,32,18,7,0,40,47,38,21,43,8,41,15,2,19,31,47,25,21,40,0,7,45,35,25,22,19,11,41,20,28,28,4,48,36,6,38,35,44,12,31,4,3,46,9,25,27,6,0,0,49,3,8,44,38,35,18,8,49,9,30,27,38,34,27,26
40,17,13,36,29,44,42,33,42,1,8,21,10,10,22,9,13,32,3,2,17,24,12,16,35,44,45,23,30,22,1,20,40,17,8,19,13,0,2,6,4,12,29,14,23,1,23,36,35,28,40,3,2,4,21,38,48,17,13,28,41,17,0,31,36,10,3,49,13,7,5,17,20,35,31,43,38,6,29,24,36,22,29,41,26,0,31,27,19,46,5,11,15,8,44,1,20,47,1,33
5,6,0,27,43,33,20,34,41,1,10,28,23,41,21,2,43,2,29,13,48,36,26,16,44,22,17,17,22,18,0,29,27,3,6,22,38,26,8,30,29,18,10,3,9,31,5,5,35,36,18,35,22,46,1,19,20,19,36,42,37,38,21,16,41,29,39,32,7,49,12,37,18,24,42,29,5,47,34,40,35,4,25,7,2,27,26,23,48,14,17,37,3,41,4,46,20,45,28,28
44,40,17,14,14,9,44,21,8,30,13,43,37,39,0,39,18,29,14,16,43,34,3,48,27,9,45,47,4,23,27,1,14,44,15,30,5,9,4,13,42,17,6,29,8,9,20,26,38,37,44,33,23,0,32,0,9,27,49,16,0,29,17,16,23,32,49,29,44,3,44,38,20,1,19,29,10,41,7,0,28,4,35,3,4,17,3,15,46,3,33,47,34,0,15,9,35,14,40,31
17,35,19,40,36,40,21,48,31,28,0,10,32,35,13,38,3,19,4,49,24,37,48,8,40,14,17,27,30,8,10,0,43,31,40,31,21,11,29,2,41,29,14,24,14,30,14,19,49,18,21,25,8,19,33,0,33,0,29,16,10,41,16,5,22,6,36,43,19,17,47,10,48,12,36,15,42,1,34,43,21,5,18,31,27,1,33,10,3,14,28,16,5,44,21,27,0,8,22,21
25,20,34,26,32,20,41,26,23,25,19,47,33,39,30,10,42,14,22,47,28,1,13,36,45,37,13,48,45,36,19,22,8,5,48,42,28,39,18,1,17,39,0,0,30,31,10,22,47,34,19,27,35,35,13,31,22,29,31,19,15,2,43,25,8,44,17,36,35,37,39,2,26,40,4,6,23,16,30,22,1,1,49,36,38,15,19,10,44,2,31,11,5,27,36,13,21,3,1,6
40,40,11,18,32,15,26,5,32,6,27,33,9,29,21,48,44,43,10,38,45,42,1,0,21,37,15,42,42,18,48,34,9,9,2,43,27,30,1,9,38,28,44,47,9,17,47,5,10,8,43,6,2,46,8,23,33,24,15,25,42,15,11,3,27,15,47,4,45,48,15,35,28,11,33,40,28,32,45,39,40,41,45,44,37,5,17,23,29,34,0,24,2,12,29,31,27,28,37,25
28,2,10,9,13,45,49,41,28,46,32,18,37,27,13,27,33,32,0,14,19,0,40,21,12,22,4,42,2,41,17,31,43,27,40,8,23,41,1,3,37,34,21,27,13,36,4,48,21,4,15,40,6,7,13,21,29,17,13,32,8,32,15,3,11,7,13,36,48,14,39,37,48,13,14,14,49,20,12,22,26,27,14,33,35,29,4,16,46,19,0,6,3,15,11,14,22,24,1,22
39,40,10,39,3,26,3,5,47,18,27,23,45,44,6,32,23,12,1,20,33,1,28,36,19,42,3,43,18,4,16,9,46,26,49,2,2,4,9,49,22,36,25,20,30,33,4,4,46,5,26,31,7,6,20,28,0,23,21,19,29,37,28,27,15,29,29,18,34,38,19,8,27,44,28,9,28,33,15,26,38,43,9,47,0,29,27,2,4,49,21,33,38,0,11,4,29,42,24,15
31,45,24,10,42,4,19,22,37,35,48,28,30,9,27,32,39,5,35,43,4,6,29,44,8,40,48,40,32,22,7,15,18,31,25,12,38,47,34,25,34,32,5,14,43,33,47,32,38,32,28,44,40,9,38,1,49,39,41,33,13,0,1,31,34,26,43,22,23,27,47,7,11,5,24,7,38,21,41,28,5,19,24,45,30,14,46,29,3,39,15,17,40,16,0,26,44,46,48,20
25,47,29,39,2,3,46,42,24,37,20,29,9,46,27,39,13,25,21,16,17,38,35,9,4,38,35,0,34,33,20,11,30,0,0,35,3,48,27,30,38,0,11,47,46,40,38,9,18,11,28,35,49,15,44,5,3,31,6,39,14,28,1,46,28,3,31,34,2,11,16,42,11,29,41,9,20,29,21,38,43,1,25,42,16,21,0,22,2,6,11,16,36,14,14,17,18,46,3,22
7,19,14,20,0,5,29,22,36,0,10,29,3,37,22,20,8,24,42,10,32,3,28,18,18,43,35,38,41,38,10,0,9,24,22,10,31,1,32,17,4,45,47,7,32,21,29,43,45,21,3,27,27,32,45,47,27,33,37,20,21,47,20,33,23,44,43,4,45,27,21,1,24,18,11,7,41,40,0,36,12,5,13,41,39,11,40,16,44,27,38,17,24,10,0,49,4,45,3,0
23,26,3,47,47,14,6,38,5,8,25,19,14,40,10,5,1,2,24,47,29,12,15,5,23,17,4,27,13,9,29,36,37,33,35,34,49,44,25,4,2,2,25,18,42,37,24,46,39,48,45,18,10,10,23,35,28,29,13,43,38,44,29,28,29,16,12,29,10,39,35,15,41,11,33,36,48,9,34,38,7,29,8,20,42,34,5,22,13,20,15,4,15,46,32,46,12,46,27,25
36,13,40,27,26,23,13,26,33,47,16,42,29,25,12,21,9,20,43,24,40,8,28,7,6,10,6,18,7,33,43,45,48,35,22,26,9,38,3,44,37,19,38,16,46,3,39,7,23,34,32,15,44,10,25,0,23,31,19,30,16,14,25,15,0,49,41,11,39,46,7,27,18,47,45,14,0,35,22,25,21,4,41,16,16,18,16,39,1,37,19,17,2,46,34,4,48,28,17,37
24,24,14,42,21,12,7,24,49,31,49,20,37,42,36,3,10,3,43,11,40,14,31,44,11,15,48,11,45,15,48,20,41,15,14,15,27,23,39,26,4,38,46,41,31,35,47,43,40,40,5,30,6,38,27,19,5,27,30,1,45,29,23,36,44,37,3,23,11,42,49,17,33,47,11,14,34,8,9,24,0,16,7,6,4,34,26,10,11,6,11,6,35,36,45,31,23,0,4,34
43,5,4,28,5,15,44,39,23,3,14,25,20,21,31,24,7,7,36,18,14,49,27,1,35,24,35,9,24,39,45,19,47,49,47,2,16,43,43,41,47,7,16,17,30,48,43,37,7,30,8,21,31,37,25,17,11,10,28,37,1,25,9,0,25,8,4,43,2,48,35,49,7,1,18,38,1,11,27,9,43,35,32,25,22,7,44,35,19,22,23,23,47,34,25,24,42,30,20,44
28,5,45,35,8,13,25,10,27,3,19,22,40,3,49,13,11,43,0,32,17,23,7,17,9,33,43,2,15,13,46,45,20,42,32,29,7,8,41,34,13,10,9,3,13,8,16,26,2,17,11,21,42,20,40,2,5,34,6,20,49,4,15,20,48,48,1,6,6,42,42,21,4,1,24,19,10,43,48,14,12,9,37,6,29,28,10,35,14,16,7,13,21,23,35,19,21,36,27,29
30,20,0,34,21,26,4,33,19,2,47,31,13,35,40,44,15,0,31,29,17,39,44,40,12,32,9,35,20,37,16,1,9,18,37,30,44,43,14,14,45,13,47,10,0,37,5,15,40,38,46,7,27,43,49,41,25,8,28,45,47,46,48,6,14,36,39,11,29,5,27,27,18,24,37,21,14,44,36,4,35,35,13,12,28,12,6,3,22,36,0,22,33,49,30,49,35,19,10,16
26,37,43,47,12,33,18,28,29,6,34,14,41,47,29,19,11,35,24,33,23,25,5,6,26,36,6,11,7,16,27,34,4,23,31,18,6,49,48,35,7,32,0,49,31,29,20,42,16,47,27,39,22,35,46,48,23,4,11,30,22,40,16,26,13,49,46,21,0,44,7,8,28,9,7,9,38,29,3,6,26,33,45,0,18,43,48,41,49,11,23,22,2,40,0,17,41,47,39,42
43,48,0,24,7,9,35,47,38,39,3,15,24,0,15,42,46,16,35,45,27,8,17,31,0,18,1,42,17,40,34,12,40,34,36,47,43,24,46,33,15,1,48,39,1,16,31,47,32,16,43,11,26,12,45,27,32,46,21,49,36,5,14,28,41,2,25,36,26,23,19,41,24,18,32,27,36,13,25,18,31,20,31,10,34,26,37,17,22,8,18,10,15,32,38,6,37,15,42,13
38,13,7,14,33,39,42,19,5,19,37,38,41,21,48,25,47,35,42,20,45,11,30,12,45,19,18,32,36,12,48,25,26,5,39,9,44,33,29,1,2,18,40,43,39,38,19,39,26,13,9,21,26,41,34,22,10,4,6,49,17,4,24,45,9,15,6,6,1,37,7,3,8,49,49,49,38,18,38,14,33,47,37,10,39,21,34,1,28,40,0,47,47,26,44,6,44,0,14,45
38,24,0,46,23,49,45,13,19,34,27,3,33,15,15,22,38,49,26,18,41,28,15,38,5,9,47,1,12,11,46,0,37,46,48,13,48,45,26,17,31,4,22,15,21,37,39,11,38,17,30,30,46,47,18,3,9,17,4,21,29,2,23,18,0,23,31,48,18,8,16,2,14,40,19,35,30,10,48,18,28,30,48,26,30,19,29,39,36,35,10,17,37,35,36,37,8,19,36,28
27,4,30,41,46,1,28,26,12,29,45,42,9,45,18,39,16,49,28,5,34,40,24,21,27,12,8,35,32,46,16,9,2,46,3,49,48,33,25,12,12,20,4,22,18,22,11,34,21,42,39,5,34,16,28,12,28,38,49,10,37,15,22,39,14,25,38,14,8,14,28,21,36,32,45,6,6,8,41,27,2,32,34,37,48,14,1,27,2,2,39,39,20,11,31,36,38,19,2,49
35,30,20,24,14,17,30,20,25,23,49,28,8,35,17,6,49,20,35,3,22,27,45,44,38,26,30,29,47,32,28,33,14,0,9,28,17,39,48,44,15,49,22,23,34,41,31,33,13,17,39,36,46,34,32,36,10,13,15,9,47,43,42,14,43,3,42,12,45,43,7,10,42,31,33,27,23,16,12,36,35,1,24,31,35,7,18,47,22,33,7,21,29,1,35,22,7,30,37,2
25,44,14,17,25,49,46,0,15,11,39,1,12,15,32,0,24,0,49,46,36,8,20,15,12,5,39,19,37,26,21,12,20,37,30,48,36,28,0,1,39,39,2,4,5,35,4,29,37,3,28,23,14,48,40,26,5,30,45,43,8,18,5,31,5,37,29,41,16,29,42,7,21,45,11,26,32,15,7,19,21,35,45,35,35,35,13,41,17,8,34,26,28,39,7,33,29,38,26,45
17,20,2,38,17,16,16,49,31,26,21,4,13,16,41,49,3,4,40,21,14,26,47,42,17,6,27,46,44,5,43,13,26,48,2,43,14,20,45,47,46,16,2,12,34,45,11,39,0,3,10,16,29,9,9,48,15,38,47,9,44,40,23,20,38,27,15,4,49,10,2,48,28,4,10,14,1,21,4,1,26,16,18,7,26,29,5,43,19,2,3,13,43,28,35,33,7,1,38,6
13,40,4,44,46,16,10,49,37,16,1,15,35,21,22,13,2,28,6,21,32,11,35,27,41,22,11,48,25,1,7,41,43,11,37,41,28,47,40,17,16,43,33,1,16,7,14,18,35,20,40,20,34,27,47,25,1,10,24,27,13,31,18,8,44,5,49,24,4,42,44,20,35,29,23,4,36,39,22,24,12,14,44,46,43,43,21,45,6,47,22,19,30,42,28,25,47,29,1,3
21,45,26,9,26,49,13,13,39,37,39,1,2,35,49,47,28,20,42,36,20,14,6,0,8,36,27,7,15,29,11,39,26,37,48,3,38,13,18,27,0,9,30,4,44,29,2,24,2,44,13,22,11,19,24,19,7,2,27,22,31,40,11,9,27,11,14,17,24,34,47,25,43,27,29,39,9,33,16,13,28,29,35,41,0,9,12,7,13,39,31,46,31,43,6,10,4,20,28,31
7,25,6,2,4,37,44,15,21,12,28,1,41,15,42,43,27,4,2,40,46,33,37,29,28,43,40,35,15,18,16,24,45,22,27,1,11,21,17,32,33,45,35,26,13,27,21,40,34,23,30,32,8,17,11,37,12,1,22,28,21,38,2,16,12,31,18,23,2,37,8,37,34,43,15,47,23,36,37,9,9,18,43,20,37,4,7,0,8,29,30,29,19,34,48,31,16,18,6,20
5,14,10,39,10,25,37,35,12,26,44,23,44,37,43,32,43,2,34,1,31,14,33,2,48,33,35,16,1,42,37,8,8,49,49,18,24,36,3,38,15,49,14,9,38,7,43,32,10,27,35,43,41,18,48,42,1,33,8,4,25,47,12,34,46,14,2,23,2,8,11,17,9,25,27,48,35,22,32,47,0,17,42,43,38,40,37,41,24,46,48,49,45,12,33,44,26,38,19,29
48,30,46,9,8,25,9,45,48,41,44,0,11,36,45,1,27,33,44,1,29,42,2,26,7,38,20,33,28,39,14,28,22,13,37,32,38,47,29,38,40,23,38,1,9,34,4,38,17,49,41,48,43,44,26,0,34,47,36,12,38,0,40,12,13,29,46,4,26,25,42,17,48,33,20,10,19,27,0,38,28,42,38,21,38,14,24,22,13,10,36,4,12,26,16,28,5,13,32,34
38,26,3,39,9,25,1,30,2,1,20,30,45,8,4,33,23,30,7,38,42,43,42,4,21,9,32,29,24,16,13,12,43,18,3,4,43,4,37,48,8,7,30,3,16,36,39,41,16,46,29,8,40,24,15,13,33,49,42,7,16,7,21,11,27,27,15,21,33,2,21,41,12,1,47,30,38,36,21,4,32,2,15,24,26,30,40,11,29,32,20,45,42,42,6,19,21,24,42,4
28,13,46,40,15,43,20,5,31,43,9,15,48,26,40,24,6,30,38,36,14,8,33,6,2,42,28,23,18,20,28,48,34,26,39,1,21,11,6,2,7,17,17,5,44,9,31,2,39,19,40,6,30,26,14,32,18,42,6,38,15,34,36,1,10,27,2,31,41,10,33,48,29,2,5,25,12,38,30,3,10,20,9,40,46,24,22,16,18,28,4,33,14,43,34,24,20,38,7,13
0,40,11,32,45,18,7,7,9,39,10,19,10,20,11,8,46,33,25,14,14,31,48,28,24,34,5,47,23,12,10,25,5,24,7,0,44,17,7,3,6,19,24,16,39,35,27,35,19,2,0,35,35,0,15,12,34,20,9,9,35,21,35,42,47,44,42,42,11,1,47,18,20,22,36,12,7,13,49,28,17,1,15,3,1,31,15,38,3,26,47,40,49,34,32,47,29,26,41,40
29,38,10,2,12,49,14,20,12,13,0,30,17,16,35,18,49,2,8,4,30,8,45,29,42,29,28,23,8,19,16,37,10,26,39,22,25,5,44,40,21,45,22,38,13,7,8,14,11,17,18,41,27,15,20,19,47,49,43,5,20,9,44,30,37,36,3,15,41,49,5,14,44,29,4,9,36,13,25,49,32,46,40,9,13,10,30,10,11,25,17,34,36,12,14,24,48,19,41,41
19,46,6,15,27,10,25,15,25,2,14,9,48,4,18,12,16,1,22,30,26,42,14,13,4,28,39,2,0,30,45,19,28,1,34,5,14,11,20,39,14,34,49,14,40,19,26,6,20,1,36,49,43,0,14,49,31,3,3,31,35,48,2,13,2,38,20,16,2,42,5,16,28,6,32,18,28,9,26,48,12,15,49,7,15,13,6,48,16,9,31,3,7,35,16,9,24,38,27,26
30,35,44,8,41,26,28,19,37,5,20,1,20,21,8,37,35,14,38,3,25,21,7,35,7,25,44,31,16,24,7,46,9,3,7,0,29,37,22,19,44,44,20,14,17,31,4,2,45,44,8,23,15,17,8,22,44,4,3,10,28,12,7,37,15,16,40,47,3,14,16,48,10,38,14,27,19,20,32,17,14,42,40,32,9,0,4,5,4,10,16,33,24,25,22,42,41,14,39,46
28,7,46,40,47,13,20,17,35,4,34,2,46,26,34,7,26,40,12,32,0,30,17,27,5,40,19,48,6,10,47,37,17,43,27,14,8,47,33,44,1,19,46,49,45,30,6,23,22,21,6,25,1,25,2,9,17,23,7,24,33,4,11,2,0,38,18,8,38,2,4,41,23,0,41,21,32,49,44,5,22,2,30,26,28,34,35,47,7,42,21,40,47,32,44,49,23,12,7,13
16,12,4,40,14,47,11,49,49,7,4,21,12,36,47,40,20,34,39,29,27,11,19,26,45,15,25,20,27,34,33,46,48,40,36,15,39,49,14,38,6,18,12,18,6,11,10,26,46,0,7,23,13,26,1,8,43,28,29,20,12,14,16,13,4,4,28,44,5,42,34,12,12,46,32,20,8,45,48,6,45,5,31,10,33,32,18,26,12,49,46,24,14,15,39,20,21,19,14,27
11,49,41,25,47,23,45,7,20,43,13,15,48,44,27,31,28,46,7,40,47,6,17,13,23,8,34,46,28,0,25,41,1,16,19,49,42,14,6,12,10,20,30,10,16,7,44,47,5,3,39,5,9,8,18,34,17,2,33,47,5,8,38,6,25,7,5,19,24,12,33,36,34,13,46,2,23,40,1,28,44,41,33,5,49,2,42,18,6,25,15,13,33,6,20,10,13,25,29,39
39,13,25,25,28,24,28,1,14,31,30,10,22,15,18,24,19,10,42,28,35,10,41,18,16,11,31,31,39,12,23,28,25,0,6,6,24,36,7,41,17,39,1,40,5,21,16,26,31,10,4,16,20,48,37,38,9,18,22,0,30,45,31,8,45,37,14,22,23,23,13,40,15,16,32,22,38,48,48,19,9,5,38,31,3,25,22,14,45,44,15,25,41,46,35,36,33,1,10,8
27,23,0,42,42,33,14,30,33,12,1,44,17,39,28,22,16,0,37,11,44,2,39,35,0,26,23,35,30,34,43,7,9,43,49,1,28,13,33,14,27,37,8,47,28,36,19,45,36,6,8,32,10,49,19,10,28,45,45,8,29,38,15,40,34,14,44,14,29,29,28,6,16,37,3,45,25,23,42,14,31,2,46,42,2,18,2,32,13,0,40,44,38,5,34,24,21,30,41,2
10,19,8,26,8,14,23,34,39,15,48,22,20,46,14,24,14,19,6,27,19,46,23,9,3,8,34,24,40,25,26,0,46,36,27,5,2,2,39,43,18,39,16,40,35,32,14,0,1,20,29,20,16,3,30,19,13,16,45,3,43,23,4,41,11,33,46,16,35,37,9,5,26,27,45,12,10,9,14,11,31,45,34,47,48,16,18,11,34,13,17,29,38,23,20,0,6,17,16,43
6,27,49,33,5,46,47,17,8,13,28,39,8,14,39,7,30,7,20,16,23,39,45,11,12,16,13,20,35,31,14,41,9,15,24,16,11,23,33,21,36,13,11,47,28,2,4,10,9,26,27,34,18,22,48,30,40,11,1,25,43,17,17,4,32,43,22,45,19,5,17,5,18,30,2,48,32,8,11,43,37,38,28,7,12,26,37,5,39,40,30,34,7,49,40,39,45,12,35,14
17,4,21,38,34,26,38,18,36,49,11,25,39,41,32,4,19,22,9,9,12,41,45,22,43,36,11,38,48,48,4,18,4,27,8,38,5,48,6,44,48,20,21,39,11,4,45,33,28,4,42,40,48,39,14,41,25,28,31,26,26,37,46,31,14,4,21,22,2,30,16,2,0,39,44,13,45,39,46,23,46,40,16,44,30,30,35,7,8,16,33,37,3,31,20,19,35,41,43,40
23,11,44,23,1,40,39,46,30,35,20,26,28,38,22,10,18,7,17,29,25,3,16,30,34,36,1,22,29,45,14,3,8,10,28,9,1,17,8,31,5,28,9,33,16,33,43,36,42,12,15,19,15,31,49,2,19,2,24,49,49,40,2,8,0,30,19,1,0,27,34,5,7,45,40,25,28,35,12,20,47,29,39,15,13,40,17,32,45,43,33,44,35,37,4,35,20,24,37,20
3,23,27,11,19,17,36,49,4,0,20,1,30,11,18,43,4,37,27,49,30,13,45,17,0,0,3,20,26,42,40,29,15,19,42,36,36,29,36,40,31,8,44,11,21,12,6,25,2,36,24,34,49,20,2,1,22,5,22,0,47,14,31,14,36,24,3,22,5,41,15,38,49,11,0,20,25,8,48,27,46,22,12,47,44,14,49,18,21,23,20,18,39,2,34,25,28,37,0,35
30,17,23,29,28,25,2,3,34,2,31,32,26,45,30,21,9,31,41,30,6,12,0,45,16,36,23,44,26,25,29,6,42,2,38,20,28,40,25,14,44,6,46,20,3,28,43,12,9,35,44,17,49,46,15,15,33,38,9,9,15,40,17,7,42,5,29,20,47,4,36,41,13,33,12,16,13,5,31,25,42,25,42,41,22,7,8,7,47,17,18,12,7,35,21,2,41,0,24,40