100
100
7,11,32,22,46,46,38,11,3,21,36,46,47,31,39,21,38,48,30,38,17,48,2,27,35,26,31,28,28,5,19,35,18,3,7,16,49,48,28,2,19,14,0,18,45,40,41,36,40,21,26,7,21,28,36,7,6,17,35,35,23,6,22,43,9,30,10,8,30,38,13,49,2,13,20,0,5,11,36,45,35,14,5,6,44,41,15,1,9,3,36,34,9,8,29,19,40,39,29,22
29,42,22,32,8,44,34,13,5,22,9,42,36,14,1,30,7,16,31,18,19,19,4,31,30,34,0,22,25,31,45,5,24,19,39,32,13,23,45,20,45,6,13,31,20,14,11,30,30,45,48,2,16,3,33,46,37,35,19,12,16,16,19,42,35,8,24,0,31,22,20,28,28,33,9,1,49,23,31,32,20,31,34,36,34,19,35,23,6,4,38,24,22,7,17,7,16,43,9,49
17,29,28,48,15,37,49,14,12,32,46,32,13,32,21,0,1,6,23,9,12,11,34,34,21,1,43,37,44,2,38,12,31,16,12,46,4,11,13,18,45,9,3,10,42,24,10,45,30,36,5,44,49,39,28,20,42,23,9,38,25,48,2,8,14,14,7,20,27,20,41,24,31,44,35,25,18,47,21,0,35,28,44,35,19,24,7,11,47,17,1,24,17,4,34,33,20,43,4,48
15,45,22,47,41,9,22,11,9,45,11,44,23,7,31,42,31,39,5,30,8,7,6,27,13,40,10,33,36,16,33,1,13,8,48,4,17,23,15,28,18,28,23,44,35,4,36,18,45,44,0,3,3,6,30,16,49,43,1,35,9,37,36,23,45,37,27,12,12,45,43,30,23,16,24,11,22,13,31,18,7,32,23,12,40,6,28,41,49,31,26,10,18,15,33,13,2,13,28,16
10,23,46,35,39,23,46,13,36,30,33,45,14,7,7,6,15,37,48,16,20,24,26,39,41,12,4,45,25,34,11,35,7,8,20,48,31,19,12,19,1,47,14,17,6,23,23,21,10,21,39,30,48,16,21,39,28,28,35,5,14,46,42,24,6,14,24,39,35,38,8,36,36,24,3,42,49,27,14,11,0,3,44,48,21,15,40,1,45,25,6,12,23,48,36,30,15,12,19,0
1,30,37,37,6,42,29,6,21,45,17,22,1,11,22,22,29,12,24,26,39,32,38,13,33,26,45,48,39,16,48,40,46,37,29,5,30,8,11,1,4,30,25,7,42,0,29,23,14,5,49,4,40,38,19,23,16,16,21,5,32,21,47,31,9,26,36,39,37,47,42,43,27,20,0,21,22,29,44,36,37,44,42,27,34,11,0,0,27,23,8,10,44,5,43,3,32,29,44,21
28,39,14,5,11,14,29,33,45,23,19,32,19,12,11,3,25,13,6,3,36,14,15,33,19,8,38,3,39,33,24,17,24,38,24,35,4,3,18,0,29,39,34,48,1,48,4,27,11,10,32,0,26,49,33,45,9,23,1,48,8,25,15,32,16,39,19,20,45,39,22,24,29,7,24,32,5,30,11,18,40,43,18,16,44,3,14,3,29,15,1,37,42,18,22,10,10,41,33,5
31,5,31,12,14,7,44,21,38,6,40,30,1,10,49,46,16,13,1,45,30,5,32,24,23,4,35,35,48,20,42,31,25,23,43,40,31,39,13,19,47,3,1,49,16,0,47,32,15,48,29,45,5,13,22,31,20,9,16,18,29,9,49,4,34,44,46,15,33,10,36,31,15,38,32,33,40,31,15,6,31,46,3,37,10,25,18,30,34,34,48,15,45,49,20,30,43,18,47,28
30,34,11,48,24,45,31,14,26,49,22,8,45,26,47,5,1,15,37,38,1,37,3,49,36,25,29,31,44,26,12,26,12,23,24,38,19,6,5,45,7,27,5,2,3,2,10,5,19,49,45,23,37,48,22,25,26,1,7,22,29,19,48,44,44,25,32,13,33,37,11,40,15,18,44,18,23,6,25,42,6,22,15,43,23,39,18,49,40,27,21,22,48,21,16,43,48,0,8,31
38,21,21,5,40,18,25,13,24,1,7,30,25,23,25,48,12,46,49,5,23,22,29,22,44,45,15,42,47,25,26,35,47,49,42,37,17,18,2,42,21,9,24,46,34,0,47,47,46,46,4,21,19,33,43,15,30,10,7,27,36,33,15,33,35,9,22,2,27,24,44,48,33,21,47,18,23,44,17,21,40,23,42,11,8,38,26,40,48,36,17,36,21,34,19,6,44,43,9,23
17,5,24,3,26,21,23,1,17,42,22,9,15,15,21,25,3,47,15,3,33,34,40,5,19,11,11,15,5,22,38,22,28,12,27,6,35,0,8,2,44,30,14,9,47,35,34,2,34,49,6,20,34,48,27,5,9,40,22,14,13,10,39,41,25,16,49,12,19,7,17,13,40,31,25,37,18,11,40,2,13,48,24,49,46,1,6,5,42,28,22,7,40,11,0,15,29,49,30,0
7,47,16,47,28,43,36,46,4,28,0,19,26,25,20,22,28,26,30,22,6,2,29,47,15,29,14,44,31,44,47,40,41,13,37,19,6,25,17,12,4,18,32,30,45,4,5,25,31,35,48,37,39,29,36,4,11,1,0,42,47,47,32,41,10,21,12,18,46,30,31,2,0,15,35,47,19,40,22,2,27,22,42,18,2,28,22,15,31,22,7,31,20,41,22,32,12,34,1,10
16,32,15,16,49,0,15,20,42,40,23,21,12,15,39,16,45,13,31,27,35,40,10,7,31,32,40,45,16,43,8,33,27,23,1,26,25,19,46,19,9,21,40,21,36,31,38,32,44,21,11,31,12,21,39,43,5,31,41,23,26,49,8,3,24,10,31,49,29,27,18,38,49,10,11,37,41,1,21,35,23,34,16,37,7,7,30,12,40,23,36,16,22,44,19,46,6,0,47,37
30,17,27,31,27,39,18,18,42,40,3,17,26,22,4,34,31,35,46,22,10,34,38,33,31,8,31,37,10,29,25,40,46,4,21,24,45,42,44,38,34,0,5,10,22,10,44,3,47,43,25,7,29,16,42,10,26,24,0,36,5,27,29,3,31,2,29,27,46,24,17,30,24,22,43,48,34,37,3,33,32,31,43,14,47,35,24,25,11,24,13,16,1,42,22,33,47,1,12,43
27,29,24,3,3,17,3,40,6,7,23,41,40,16,5,39,4,29,14,15,6,27,34,7,22,6,42,19,9,6,12,39,35,38,42,41,7,46,31,14,5,6,7,47,25,12,36,29,43,2,46,49,29,30,9,1,38,3,22,0,10,37,39,47,25,31,38,33,29,21,49,36,28,8,33,3,22,21,34,15,23,30,17,3,13,28,6,1,31,31,1,41,18,42,39,43,26,29,28,5
1,29,44,31,37,29,36,9,1,20,27,24,2,46,29,15,24,38,19,7,19,22,49,37,15,40,32,41,19,11,48,22,42,44,3,32,24,39,43,25,9,20,1,14,16,33,29,42,21,0,0,42,23,1,29,38,41,13,31,12,26,31,37,19,26,40,3,0,30,46,27,41,17,28,5,35,13,37,30,36,37,30,28,10,33,9,0,24,23,33,38,49,15,25,20,41,18,23,43,48
22,20,41,39,0,49,26,14,36,8,0,25,38,29,38,21,40,38,47,15,24,38,17,39,15,37,32,33,13,25,31,35,47,25,26,47,24,4,11,12,13,14,37,3,45,25,25,35,16,24,1,42,14,18,33,30,7,15,13,22,42,47,7,39,22,35,38,48,40,0,10,5,16,49,8,11,27,35,48,45,12,49,37,26,19,22,6,29,37,20,1,31,17,11,22,41,46,10,39,38
12,1,45,28,0,4,41,29,39,40,26,1,41,13,28,13,35,34,42,24,6,45,7,23,6,29,14,5,40,5,45,2,6,41,33,9,45,24,38,36,16,15,40,8,30,18,23,18,4,15,44,13,10,2,38,19,31,3,24,23,8,21,26,17,12,11,26,9,37,16,46,4,31,36,14,14,6,37,34,12,4,28,25,16,30,14,35,12,19,11,37,29,35,13,48,47,26,24,7,14
41,5,20,24,43,34,40,1,23,24,13,27,3,41,43,35,7,31,49,28,44,37,9,29,2,8,29,29,32,38,43,25,43,15,2,38,49,44,39,22,19,2,1,24,45,46,9,4,29,9,32,24,48,42,5,0,0,36,29,34,24,24,12,19,39,14,7,40,8,46,12,29,1,15,3,48,12,15,3,41,26,35,17,24,29,23,24,29,11,6,16,36,30,28,5,22,44,15,12,2
13,27,34,16,44,37,15,6,4,18,0,30,5,17,4,35,42,29,16,4,35,32,42,17,10,49,41,4,14,6,9,28,35,45,44,29,34,11,38,39,29,38,19,35,5,24,22,0,5,38,4,42,21,46,9,33,45,1,40,12,9,1,42,44,46,38,23,30,0,11,19,29,1,41,16,9,17,38,9,22,27,15,14,0,13,25,33,10,28,25,22,37,26,16,31,22,5,7,5,5
20,26,36,22,17,3,31,34,43,42,8,22,7,22,22,22,48,8,32,28,33,7,16,10,23,49,34,28,6,41,35,27,18,24,1,37,27,34,22,22,26,32,45,35,5,19,7,5,27,39,33,13,48,1,23,22,1,9,2,7,1,40,36,21,14,39,8,43,23,32,15,49,15,12,34,22,32,41,29,11,33,14,24,31,16,49,5,17,11,8,26,14,48,15,35,12,6,43,5,30
26,22,29,43,37,16,15,21,9,44,32,42,10,9,26,26,10,31,45,23,39,24,37,39,41,22,3,47,18,10,27,44,33,9,39,20,25,4,43,36,0,25,29,10,36,5,39,49,36,34,22,28,10,10,17,1,34,23,49,2,33,28,48,18,37,37,40,14,41,33,3,43,9,34,4,47,39,45,46,27,29,21,7,40,33,27,43,17,0,44,22,35,23,20,4,12,8,44,29,1
28,32,47,39,16,3,38,7,48,37,36,27,8,46,19,41,23,15,10,25,9,32,10,34,3,14,47,13,11,28,16,39,12,13,30,30,16,18,39,14,5,27,44,13,23,15,6,48,30,17,23,40,1,36,26,6,0,25,19,11,3,38,2,17,1,32,47,18,3,38,34,8,16,30,24,39,46,30,40,28,49,13,20,3,49,47,9,2,22,31,15,28,19,20,45,20,2,45,40,5
33,27,16,1,7,40,41,5,22,31,34,24,46,4,27,48,1,38,2,24,19,17,4,40,37,49,13,42,44,5,49,30,32,17,31,42,9,24,47,34,7,33,8,6,38,37,4,41,25,6,17,47,25,21,37,15,21,0,9,17,6,10,49,40,28,33,34,39,7,32,23,17,17,31,23,5,20,29,49,48,35,16,45,12,38,34,29,11,37,40,30,45,1,30,35,31,13,22,20,22
6,44,39,23,27,14,31,48,43,30,46,30,48,43,45,36,27,24,49,14,15,30,11,18,12,49,49,25,21,21,49,27,15,41,0,45,5,31,43,1,13,41,31,12,34,28,0,13,3,0,30,20,32,41,38,44,40,39,19,11,10,20,38,28,11,41,23,19,22,18,22,38,11,5,2,47,34,2,10,37,4,40,9,36,34,49,30,24,38,1,36,0,22,26,28,35,17,3,6,42
21,28,32,34,34,34,31,18,36,42,7,43,34,18,29,18,17,10,43,5,13,31,5,35,9,36,23,29,39,31,23,13,10,5,47,46,39,29,16,27,21,23,20,7,41,0,26,10,12,21,15,25,4,22,13,13,8,38,44,0,19,17,13,31,22,10,27,13,39,43,41,12,18,13,20,9,15,48,21,27,19,38,5,23,11,20,38,21,8,33,21,29,0,36,11,23,49,38,38,38
32,29,3,2,43,25,12,10,23,33,40,42,24,45,17,35,17,7,8,27,40,32,6,43,18,17,18,17,8,6,8,42,38,13,44,31,38,8,43,11,44,33,5,18,30,24,5,47,31,13,26,24,45,33,17,16,2,37,35,10,43,45,4,31,8,49,14,46,7,8,9,3,43,16,21,24,40,26,23,24,40,0,48,37,33,17,5,35,4,41,48,47,38,2,31,47,3,45,45,13
5,7,16,49,23,38,23,16,16,46,40,8,46,40,46,31,7,3,19,13,46,19,12,35,21,43,34,27,41,29,40,46,36,6,45,12,46,20,28,13,19,20,21,17,10,17,1,19,23,20,34,19,39,46,4,12,42,38,41,33,20,31,31,8,38,29,20,34,49,48,47,20,18,21,38,30,40,39,1,13,11,35,33,2,34,39,16,26,30,8,9,0,39,42,10,29,21,31,14,21
31,13,43,2,34,31,32,27,22,36,40,35,21,25,37,5,15,4,31,47,12,42,49,1,35,9,33,8,40,47,31,22,12,25,26,49,8,8,26,31,46,18,16,18,44,6,25,9,10,9,6,24,3,5,27,40,16,10,49,7,9,30,31,24,5,7,23,14,17,1,47,14,19,15,34,15,21,9,24,33,18,32,7,22,39,35,12,6,47,11,15,7,44,48,31,49,5,6,15,22
9,12,38,28,30,22,44,3,32,20,39,2,5,46,26,46,33,41,4,33,4,19,40,48,17,21,0,24,29,15,49,38,30,37,18,10,10,14,15,44,35,4,48,42,3,25,38,38,18,43,21,22,14,11,21,32,34,23,6,13,38,7,1,18,45,22,30,7,36,46,3,23,2,1,15,5,28,6,44,46,49,15,21,13,29,44,47,13,17,6,29,5,13,32,26,10,4,8,17,41
4,22,14,9,24,32,14,4,38,10,1,39,26,22,4,5,18,2,20,35,10,49,40,25,32,18,36,36,27,5,29,33,28,46,42,4,28,9,8,16,19,11,5,47,35,11,4,3,15,25,38,25,26,31,3,10,49,39,49,28,46,28,12,26,24,4,30,4,15,41,20,35,2,27,34,40,39,39,43,6,16,34,32,42,15,35,5,16,26,4,45,24,32,7,1,9,13,31,13,29
22,36,16,27,15,0,17,4,41,10,13,7,46,45,2,11,32,7,30,10,11,27,34,45,36,37,4,49,19,20,30,43,6,48,20,21,1,39,28,42,2,41,0,48,38,4,12,22,11,42,34,22,19,20,17,7,8,24,8,29,46,39,22,2,39,45,25,40,34,5,35,36,48,37,37,36,41,49,10,2,43,44,26,12,17,45,19,25,19,27,4,15,18,26,19,10,23,47,2,8
2,37,46,1,26,33,39,17,32,2,21,25,48,47,39,15,43,10,40,14,40,44,32,10,23,1,22,48,0,25,8,3,14,5,6,41,40,47,10,25,49,32,0,48,31,42,13,24,4,6,41,44,2,23,7,27,24,29,26,27,4,34,30,21,41,38,14,32,35,24,7,37,8,9,37,42,1,2,18,6,8,9,2,13,32,11,40,9,41,16,36,47,3,18,18,44,6,34,26,43
11,33,32,19,45,19,13,46,24,32,4,32,41,9,45,26,20,38,37,11,6,23,11,9,43,31,4,1,16,32,46,27,18,29,48,13,0,12,9,24,46,16,9,39,25,6,15,47,44,2,11,3,27,22,12,20,3,16,21,19,1,18,46,19,49,47,32,1,9,43,26,5,9,37,44,36,45,12,34,42,16,45,45,46,19,7,16,22,26,40,44,27,10,42,46,9,39,30,12,48
23,40,5,35,27,2,21,25,16,7,17,32,4,14,28,23,21,47,48,49,39,44,28,49,36,26,10,26,6,22,26,32,13,34,17,42,38,40,17,4,48,36,38,4,0,19,30,24,18,28,23,7,22,2,6,10,30,18,36,37,40,15,19,5,49,38,48,37,28,17,43,28,4,31,33,6,2,13,30,20,43,6,29,17,8,37,27,40,5,14,27,48,31,48,3,30,36,3,19,15
21,12,45,27,45,28,33,0,41,16,22,36,22,2,3,32,39,31,22,45,47,0,45,28,0,0,8,37,4,29,4,27,41,1,6,38,30,39,38,23,5,11,10,29,15,15,11,4,46,34,1,43,36,46,23,36,49,31,25,3,12,31,32,5,33,38,44,13,29,34,38,37,47,48,16,12,14,28,19,12,12,20,8,48,19,31,36,18,15,12,23,27,43,5,33,28,43,29,43,24
13,32,11,13,32,28,27,48,6,46,11,18,19,19,18,40,2,4,10,17,18,33,47,12,40,32,42,35,11,36,9,26,18,21,41,0,49,19,49,5,15,12,25,36,33,43,26,35,49,36,5,18,19,4,32,9,36,24,44,47,10,4,25,28,25,17,31,26,36,30,31,3,44,6,40,27,1,16,14,0,3,21,18,24,25,0,36,11,25,32,10,35,38,38,16,15,7,47,41,43
29,22,48,25,30,40,4,31,7,18,32,12,42,2,38,17,3,24,31,30,9,43,17,47,31,33,13,38,32,4,33,13,29,34,38,9,24,42,43,33,13,25,47,5,29,36,24,32,12,5,14,21,49,32,19,32,15,32,23,0,38,8,13,17,42,4,27,19,46,20,2,9,47,0,16,28,38,41,11,0,46,27,24,47,9,43,32,27,27,7,27,17,15,42,35,10,46,14,31,45
36,35,6,35,35,23,13,25,16,26,28,12,4,2,12,13,47,46,42,24,3,21,41,20,16,28,30,12,42,11,9,30,47,16,15,34,41,29,12,7,5,40,21,11,42,35,27,39,31,19,15,34,41,8,5,9,37,37,21,31,1,33,12,0,1,27,36,44,8,48,1,16,38,24,27,30,10,4,21,43,24,36,30,17,45,37,26,34,24,49,15,27,34,27,27,35,7,14,29,17
14,32,33,3,7,11,35,19,15,9,12,41,45,42,8,40,31,36,24,6,38,42,35,22,21,13,8,30,29,39,48,43,22,31,48,29,42,36,0,10,45,14,1,42,9,12,33,40,48,9,48,36,3,34,11,25,47,19,5,28,8,3,23,32,37,24,13,29,10,13,39,7,28,43,49,37,5,34,27,3,46,26,42,49,10,3,26,9,24,32,39,34,37,12,17,26,36,32,6,48
46,47,5,26,40,7,13,45,41,42,1,37,20,45,39,32,0,15,43,26,49,32,10,39,47,29,15,33,12,21,34,10,21,39,36,13,48,1,9,40,45,12,29,16,7,20,0,7,36,46,33,37,28,45,26,25,27,42,11,39,15,45,1,38,36,37,2,35,40,11,27,35,25,8,3,32,29,6,41,17,2,26,4,30,21,33,8,48,25,21,39,42,16,42,31,4,29,33,41,19
46,18,7,21,29,10,5,10,16,46,27,18,24,33,1,45,16,11,46,43,32,37,36,0,30,19,4,11,4,46,33,0,16,40,23,45,2,30,5,19,28,34,39,2,18,42,49,34,5,45,28,37,35,16,39,15,35,44,28,39,42,11,41,8,1,16,6,4,46,13,25,24,0,16,26,18,11,25,4,16,23,34,6,8,2,45,25,37,41,3,28,33,15,19,44,18,35,0,24,33
15,1,7,15,20,35,35,31,11,40,47,36,26,5,46,29,1,21,18,42,26,47,26,43,18,20,12,6,22,38,39,37,42,49,5,12,34,40,43,47,30,42,33,9,48,29,38,1,2,6,43,29,5,21,22,24,43,36,30,17,27,21,7,19,20,12,31,7,2,26,4,35,20,40,44,20,21,34,21,24,40,17,5,46,40,27,22,36,16,4,3,45,25,10,14,48,22,47,5,27
25,11,12,45,1,8,16,23,42,39,49,34,6,4,32,49,33,4,35,1,8,40,46,36,1,10,34,25,9,41,4,34,2,16,32,6,24,48,31,16,39,30,1,48,36,33,47,19,40,34,21,0,24,17,36,27,30,22,3,39,13,7,26,16,26,8,24,2,8,5,21,47,37,22,45,23,7,44,44,49,28,17,0,5,37,38,32,17,11,37,8,24,47,36,42,23,46,16,25,4
23,48,4,10,20,1,33,30,46,30,31,26,47,31,31,34,20,14,3,31,1,14,7,48,0,2,23,47,20,1,3,44,49,7,4,22,9,40,4,5,20,35,33,17,19,15,4,39,29,9,22,32,23,31,31,26,33,6,25,6,7,28,0,9,36,6,31,47,46,35,4,18,22,37,38,41,2,42,32,31,1,6,16,27,40,49,3,23,5,28,29,15,6,31,24,44,38,7,41,36
44,45,5,16,35,43,10,37,37,44,21,40,1,37,17,41,36,20,16,43,0,48,8,7,29,34,3,19,43,47,6,37,44,11,6,29,6,18,17,43,12,40,33,13,27,1,6,15,23,25,8,24,23,17,33,4,3,38,24,47,35,32,36,30,43,42,11,49,10,28,44,25,18,27,40,47,30,47,12,4,22,21,30,47,40,13,1,43,1,27,42,39,9,29,21,2,21,32,3,34
11,47,9,31,27,49,29,7,48,43,11,20,14,43,19,4,6,21,0,10,0,42,1,10,21,22,14,45,4,20,29,17,17,40,1,44,41,30,4,40,25,15,12,40,11,32,46,19,5,46,29,5,39,32,15,12,4,32,7,11,2,38,28,19,30,29,16,22,11,20,14,37,37,28,29,0,12,25,20,17,22,1,25,13,34,42,27,38,24,37,1,26,27,30,48,8,11,16,32,23
38,48,12,27,26,41,28,41,18,48,8,40,49,33,5,33,26,35,24,2,22,25,29,49,7,29,7,19,45,41,44,33,39,6,10,18,49,40,9,17,38,19,10,38,5,17,23,33,2,47,35,24,23,16,24,30,45,33,1,40,27,45,25,16,3,38,36,2,28,47,20,19,17,32,7,22,49,30,7,2,30,42,26,5,9,2,37,4,36,39,47,13,34,24,31,38,14,20,42,45
17,12,14,36,46,23,10,46,5,17,48,35,10,24,42,21,29,30,27,15,19,26,30,5,1,13,45,17,33,38,12,3,2,26,39,49,1,0,45,7,17,45,44,29,19,37,0,0,17,28,15,38,6,47,45,7,11,41,25,46,31,39,1,33,18,41,34,19,43,29,26,12,24,23,42,46,10,44,46,29,24,14,19,31,13,14,40,26,7,17,23,38,7,24,24,25,17,8,44,10
40,23,23,14,48,17,12,8,11,11,39,38,27,10,19,40,24,9,17,34,27,42,22,34,18,46,11,38,5,5,0,45,30,23,11,28,42,26,38,4,39,27,42,16,39,13,8,16,22,27,0,1,19,22,37,40,21,48,28,28,6,30,25,36,4,38,17,48,14,5,4,5,35,46,23,24,11,32,40,36,9,42,37,31,17,27,23,38,25,3,18,31,33,43,20,39,33,37,38,0
44,42,5,31,41,29,6,2,11,48,38,22,41,28,3,8,5,28,48,32,31,16,16,15,11,36,4,44,25,42,46,21,37,2,3,28,33,11,30,46,9,21,18,2,1,24,12,6,2,10,40,36,28,6,1,41,44,5,38,19,0,34,43,37,38,46,15,21,7,47,17,18,20,38,23,21,14,35,29,18,48,20,4,26,26,5,18,21,13,6,42,13,40,35,2,29,33,19,2,42
16,22,13,39,10,36,10,26,23,42,44,21,12,1,48,40,8,16,13,21,24,8,36,14,43,40,45,29,9,48,23,28,22,36,17,34,22,29,10,48,21,6,19,35,7,17,26,18,35,39,39,9,47,28,26,43,18,21,24,28,21,47,8,43,34,25,27,8,6,39,6,28,46,26,13,5,45,41,23,31,33,15,42,30,45,18,25,13,42,49,43,15,49,1,11,35,28,40,43,35
30,2,15,28,30,30,35,25,22,11,8,5,28,1,37,23,19,13,36,13,14,32,29,15,35,40,0,14,30,44,1,10,48,18,40,28,48,26,5,20,39,14,27,17,15,15,40,36,30,28,0,46,10,29,12,48,21,12,14,1,8,15,14,8,35,4,36,33,32,44,6,21,10,35,38,27,2,30,13,32,9,15,31,21,46,45,19,17,9,33,19,18,0,35,28,35,39,17,21,24
11,29,45,21,14,34,48,17,16,13,1,25,31,32,49,27,29,18,45,39,4,16,9,6,3,37,44,42,4,17,16,15,46,14,38,10,0,36,29,16,2,31,42,33,15,41,12,45,11,9,34,17,25,43,24,30,30,20,23,37,37,41,2,33,7,41,45,7,29,25,24,33,6,18,18,23,11,31,18,22,40,4,42,18,49,16,48,32,38,23,19,25,17,23,8,24,16,3,32,48
28,6,31,36,26,0,10,37,31,28,11,23,35,3,41,34,21,40,16,9,15,37,34,32,11,44,7,27,48,39,25,28,47,7,15,23,9,27,12,42,7,23,15,42,27,9,27,0,1,45,10,16,33,46,49,44,41,8,23,41,47,49,19,44,8,36,19,19,13,31,11,21,4,28,15,33,39,44,34,40,40,46,7,25,42,8,21,35,16,44,26,15,45,48,11,3,36,30,22,2
13,35,23,19,14,40,5,3,35,41,46,25,37,5,2,31,15,23,19,33,17,45,48,15,45,9,18,32,41,43,34,6,30,9,25,46,49,30,2,34,21,48,11,10,5,13,42,20,36,11,3,6,8,1,21,4,12,41,38,5,36,22,11,17,33,38,13,32,19,17,17,42,15,30,3,22,44,47,42,30,10,45,36,20,48,9,26,10,3,14,17,39,38,28,8,21,19,24,6,40
41,25,32,9,5,37,31,49,36,24,32,48,21,20,19,20,30,47,32,33,14,2,24,4,32,33,28,1,9,34,41,0,11,24,11,16,13,43,18,2,19,0,0,42,20,21,14,2,19,49,37,35,1,14,39,33,47,17,37,8,3,28,8,14,4,20,33,20,15,3,22,36,3,22,28,25,44,43,30,15,42,19,2,43,33,41,28,32,11,15,40,16,46,1,33,0,21,16,22,38
19,44,24,24,17,2,1,13,45,33,30,39,3,32,34,36,25,13,21,38,30,11,5,28,12,38,31,35,4,3,23,25,48,47,1,17,2,4,30,49,38,10,39,41,44,23,29,19,38,0,8,21,12,15,49,26,3,30,12,9,34,37,36,34,37,37,1,39,41,31,38,29,43,29,22,39,3,2,10,43,2,20,14,16,35,16,43,38,46,7,49,32,44,35,16,31,24,17,20,18
0,11,49,43,40,22,34,45,26,45,39,28,15,5,47,1,21,42,41,18,49,41,2,43,28,19,27,3,36,49,23,39,10,22,32,3,46,19,48,22,14,37,3,29,45,0,32,16,42,26,36,41,19,39,36,47,8,13,2,46,15,25,35,25,48,20,28,44,39,29,19,5,18,22,34,13,22,19,30,16,45,16,9,14,7,45,13,15,11,16,14,26,43,49,3,43,21,34,40,10
13,9,15,33,31,2,47,5,23,29,23,20,47,32,36,5,29,49,22,42,17,36,18,13,38,24,6,9,10,46,22,23,7,39,8,38,43,7,45,16,36,18,38,36,0,24,43,32,26,15,24,45,2,45,8,40,19,15,1,29,13,23,4,23,13,12,11,6,22,9,25,8,27,13,46,30,38,39,12,16,5,38,11,9,33,20,1,2,37,2,33,2,28,39,25,41,4,39,49,26
48,24,36,27,40,33,9,30,24,23,46,29,12,7,40,45,29,41,0,16,46,33,19,24,25,46,17,29,35,16,5,35,43,41,15,33,24,24,15,49,48,11,30,10,20,23,7,0,14,7,18,12,43,39,36,18,36,3,47,23,22,2,9,15,45,24,0,22,48,15,23,48,28,3,10,48,28,18,0,43,27,19,7,20,8,44,40,46,49,39,20,21,41,31,36,39,5,38,11,5
3,34,6,33,39,16,32,18,36,34,13,14,3,20,36,14,16,27,10,16,16,32,37,10,13,26,49,20,14,12,28,18,46,34,1,35,0,35,5,37,20,18,3,25,41,39,39,7,16,2,25,35,36,13,45,0,39,46,22,3,8,0,23,4,34,27,41,37,14,49,26,36,19,29,12,10,18,3,20,37,5,45,22,42,10,19,44,1,15,16,7,23,17,32,27,3,9,20,40,26
19,18,12,39,49,24,1,20,30,21,7,37,19,31,31,31,0,25,33,15,44,40,38,13,22,17,16,34,37,9,12,9,27,24,0,29,1,1,49,31,25,6,20,44,39,2,25,39,27,10,6,23,2,46,36,27,13,3,13,2,14,25,13,43,49,13,22,2,15,21,35,40,29,6,36,18,8,13,9,37,24,17,11,28,13,47,5,28,2,18,31,18,43,44,12,45,8,36,49,25
8,35,15,39,41,3,10,1,16,19,38,42,39,1,21,2,49,28,31,3,47,14,24,42,8,36,39,18,22,39,45,32,26,12,22,17,15,32,18,34,3,8,26,42,10,49,47,11,28,28,16,27,42,40,21,2,28,13,23,1,2,18,35,28,31,9,47,48,41,17,32,47,25,11,41,37,10,38,48,40,16,15,19,10,7,43,13,36,6,38,39,10,8,24,38,39,34,37,38,27
4,22,26,31,33,18,19,46,6,19,38,25,34,10,35,42,3,0,30,9,40,19,19,49,43,9,38,29,48,28,9,4,3,35,35,36,3,6,34,12,26,23,37,12,35,24,6,38,27,36,49,17,7,20,16,1,31,7,32,29,35,41,33,40,29,20,27,34,27,13,46,5,38,35,19,23,10,26,13,37,14,12,6,22,34,23,25,15,30,9,46,17,3,29,8,32,0,37,16,29
0,13,36,39,48,5,14,10,31,28,49,48,42,6,22,27,29,47,44,9,6,43,28,9,22,36,41,24,23,10,5,24,25,41,15,23,47,29,36,30,7,35,30,0,43,2,29,22,49,25,33,8,18,12,19,43,0,13,19,24,23,27,0,48,20,15,23,17,44,9,0,4,47,32,6,40,35,37,15,36,14,0,44,35,14,14,28,15,27,49,41,0,28,41,0,49,8,23,18,4
35,18,8,32,1,16,24,38,3,39,24,18,40,19,3,6,35,33,21,14,34,12,16,13,5,16,12,13,39,30,18,24,1,28,8,4,45,33,42,48,24,16,18,16,37,23,23,24,8,44,38,43,9,4,8,16,20,22,32,12,4,0,36,5,30,47,11,25,32,3,26,6,22,46,23,11,20,46,36,28,42,24,23,3,29,31,22,1,3,4,13,8,6,2,15,36,49,27,14,31
32,42,39,4,38,12,16,8,10,4,39,5,28,12,10,9,44,32,11,47,36,24,7,44,26,23,31,27,0,47,10,32,39,0,39,27,12,7,38,25,11,27,30,39,41,42,1,35,25,12,35,13,38,42,8,15,15,41,44,17,38,5,0,27,5,41,6,19,48,44,46,9,23,28,0,15,21,1,2,46,13,37,11,2,32,19,19,49,12,15,17,2,20,19,31,27,10,38,47,8
34,45,19,10,24,19,27,45,21,29,43,36,19,4,40,1,26,11,2,40,27,21,43,47,40,24,27,2,12,26,12,49,21,31,9,45,3,36,42,26,17,35,14,36,42,5,39,20,18,42,10,45,13,3,45,6,28,22,10,42,48,25,41,21,6,2,17,11,38,11,37,6,47,2,44,41,9,34,11,27,28,21,25,41,27,20,49,5,44,12,49,44,37,41,15,45,43,34,7,34
46,46,40,45,0,36,36,9,20,49,39,48,22,14,42,49,36,43,6,32,5,6,26,44,49,43,40,44,30,49,28,26,45,20,23,48,7,11,7,29,10,48,28,34,14,22,36,0,15,44,34,23,2,10,17,1,6,7,48,36,8,26,14,6,49,37,4,6,48,13,35,10,12,15,46,26,37,32,29,3,29,13,28,31,26,45,35,34,5,33,20,13,11,34,19,10,21,23,18,21
37,6,33,1,21,29,29,9,12,8,14,43,24,42,24,2,39,11,36,44,44,8,8,8,44,27,18,15,3,39,38,42,45,21,43,16,2,22,27,16,33,43,9,7,35,34,11,25,45,49,21,42,7,29,2,1,9,20,18,14,9,8,6,6,31,49,23,33,23,2,0,6,46,9,15,31,45,28,8,43,27,30,37,36,11,39,39,22,9,7,36,21,17,42,27,48,43,2,32,17
5,32,25,1,41,41,34,39,19,45,32,49,27,19,35,38,8,25,11,19,34,49,42,2,42,22,0,37,24,32,4,31,16,30,34,10,23,21,49,44,16,33,43,45,2,29,35,10,6,46,31,40,48,24,42,40,46,45,27,22,29,34,6,46,16,40,8,39,13,7,35,29,40,29,26,44,10,12,6,16,10,37,6,8,11,1,48,9,46,28,34,25,12,42,23,30,32,31,21,48
40,6,27,32,35,6,26,45,18,32,13,28,22,20,37,35,21,35,47,19,15,31,44,29,23,18,9,7,1,30,5,42,37,35,26,24,41,3,22,11,37,35,39,11,5,26,47,28,14,44,47,29,27,44,9,2,14,20,11,15,1,19,9,40,6,36,16,47,41,38,10,30,24,49,42,31,26,41,12,40,35,11,21,14,5,30,16,21,3,29,39,6,48,0,48,4,36,14,3,29
3,13,12,27,13,6,10,39,47,22,31,34,34,2,48,41,35,16,13,38,45,2,46,44,2,44,0,41,8,4,22,11,17,34,40,32,42,3,23,39,25,4,23,9,9,23,3,44,41,16,34,39,20,30,35,22,24,35,15,32,39,40,46,9,24,38,43,17,41,17,8,17,21,34,28,32,7,33,28,1,49,12,40,21,44,25,44,20,12,11,5,4,1,1,13,28,41,6,47,33
25,5,2,49,39,32,31,49,16,10,2,17,24,42,39,19,19,35,39,31,46,44,35,0,47,0,28,39,9,27,22,34,32,26,33,24,8,15,25,26,27,27,44,1,21,33,22,42,20,12,25,16,8,13,18,6,15,48,45,24,25,19,11,10,47,46,34,7,13,11,34,40,40,30,44,13,13,16,5,33,28,32,1,37,45,22,45,11,20,42,37,46,13,0,6,10,47,42,17,10
3,3,1,45,33,45,8,48,11,15,33,42,47,37,31,45,9,26,8,29,18,47,27,33,48,33,43,45,27,12,7,32,18,10,27,3,7,35,2,21,2,37,13,0,24,44,47,35,22,5,17,42,2,44,25,2,30,20,47,7,34,7,40,2,17,17,8,25,5,10,46,7,49,9,9,26,5,6,11,29,11,28,23,16,23,48,18,3,20,18,12,6,25,2,11,42,22,19,19,27
29,15,34,30,26,44,6,33,0,18,12,14,48,35,32,23,35,0,28,7,20,41,14,47,45,25,42,17,46,11,44,27,27,31,7,5,27,14,39,29,34,3,43,34,41,27,8,28,28,38,38,0,29,2,48,27,29,40,44,27,3,41,4,32,24,11,38,1,27,29,30,11,32,26,46,25,3,6,4,33,44,42,34,26,46,34,3,27,26,49,4,29,42,8,14,16,21,2,17,49
33,0,10,15,26,8,43,31,16,47,15,11,41,1,39,37,35,44,14,13,45,20,44,38,30,8,4,1,12,24,0,45,24,11,13,2,21,6,33,38,5,0,1,46,1,40,33,38,36,49,1,31,21,46,19,1,6,26,2,19,0,3,14,26,16,29,28,39,35,11,27,40,12,30,36,15,22,21,4,8,22,7,40,43,3,11,44,10,39,47,31,39,2,47,17,20,27,45,9,14
9,39,7,23,19,43,38,42,17,44,0,39,2,42,33,7,6,29,19,45,28,0,35,30,48,2,0,25,0,12,41,9,1,48,34,20,44,22,14,11,19,17,2,21,9,37,28,15,17,48,11,45,0,48,28,48,2,30,25,4,42,17,15,43,15,49,16,9,24,32,22,43,49,25,14,9,12,44,26,31,44,39,27,45,39,5,43,44,35,21,48,30,38,16,25,5,15,43,15,39
26,39,34,25,16,0,36,31,45,15,12,41,4,39,36,46,46,32,40,34,3,40,14,43,6,39,48,22,35,15,13,11,7,0,38,23,0,25,4,47,40,17,39,46,8,27,42,5,11,34,41,16,25,7,9,31,48,10,5,33,25,21,44,32,21,33,8,21,10,12,19,2,29,10,0,40,39,43,45,1,29,38,17,4,45,27,38,43,39,43,27,14,16,23,49,37,8,7,11,20
19,30,22,1,42,25,41,31,20,38,34,49,26,2,4,23,31,44,16,20,39,45,36,6,19,35,43,27,44,4,48,16,36,22,17,30,47,10,14,17,48,48,17,26,0,23,49,33,17,15,5,6,11,42,14,32,29,10,11,26,14,9,42,3,34,11,35,33,21,49,1,21,48,20,47,0,45,48,34,14,13,41,22,26,33,37,10,15,47,22,41,13,33,35,16,17,46,2,1,17
3,4,40,1,26,37,2,21,35,38,35,0,31,7,29,15,44,41,32,43,13,25,7,47,10,25,16,6,29,17,25,33,23,15,36,49,4,40,20,41,30,7,43,12,15,24,29,11,16,11,5,29,36,14,28,48,39,45,6,21,14,31,6,38,48,42,37,2,33,10,43,13,17,38,25,34,13,6,46,29,17,3,10,5,17,39,5,8,34,11,29,0,42,35,38,40,28,28,44,13
38,39,28,7,28,6,42,41,12,38,22,32,43,32,39,10,21,45,18,7,6,0,8,1,35,48,43,15,26,38,30,16,27,9,26,7,15,18,0,27,8,22,11,1,7,1,13,30,46,33,40,4,33,48,5,21,48,49,36,27,39,17,43,18,28,21,26,43,39,26,22,49,1,34,2,10,37,15,40,33,49,30,37,34,30,45,5,29,44,42,6,33,11,1,1,39,23,29,34,14
8,8,16,9,44,18,21,31,36,11,16,37,44,6,21,26,1,29,5,45,21,13,30,34,17,33,25,42,13,11,8,23,19,24,34,16,45,5,47,33,16,16,22,12,22,45,39,23,24,46,20,45,10,2,31,29,35,6,21,0,19,29,23,39,6,7,7,1,12,6,34,31,22,8,43,44,3,34,17,28,31,37,25,43,39,7,22,27,15,45,27,35,26,3,26,32,10,33,35,25
39,21,8,12,29,3,8,33,38,26,11,21,15,36,14,7,45,38,36,11,35,15,48,11,18,24,46,31,9,31,8,0,3,16,14,32,19,23,17,9,1,28,30,18,17,46,27,12,36,13,25,21,29,23,33,47,49,31,30,10,12,38,11,15,4,27,0,26,2,17,37,3,48,18,22,15,16,1,29,3,15,5,24,44,28,9,43,30,40,26,40,5,14,3,22,21,31,22,47,33
42,36,39,40,4,13,5,23,14,34,26,29,41,2,25,20,14,21,2,6,49,44,11,13,48,34,36,31,8,35,14,0,22,5,40,28,18,47,1,33,34,27,14,25,32,42,47,46,15,49,2,14,44,14,29,44,0,16,25,8,1,41,9,23,47,1,2,15,49,3,0,33,33,15,8,15,9,6,11,24,7,15,40,1,29,19,45,31,35,20,40,37,12,1,12,11,2,14,26,1
20,27,36,3,44,45,20,5,3,31,31,10,48,21,14,30,40,9,11,28,32,1,17,46,2,29,7,7,46,35,8,16,14,45,21,8,42,41,13,45,24,46,5,22,17,19,2,10,31,14,38,15,17,7,13,22,38,20,29,34,7,37,2,22,34,23,32,26,14,48,21,38,44,29,11,12,0,15,22,33,29,12,48,49,21,11,21,9,33,0,44,41,37,46,15,22,20,47,0,36
45,24,25,40,5,38,4,5,5,28,39,35,40,39,34,13,1,5,22,36,5,16,29,44,15,44,18,37,42,21,23,37,45,0,29,0,40,33,5,46,11,46,33,3,36,17,16,39,24,41,25,31,7,5,27,24,49,46,11,43,17,37,33,14,37,12,14,30,46,21,26,9,20,9,15,6,28,31,45,4,22,22,35,32,27,14,8,29,10,22,22,29,9,5,45,48,20,11,28,16
33,6,27,5,15,42,11,43,26,8,47,0,30,34,34,10,49,43,39,11,15,13,43,26,21,38,26,41,2,5,9,37,13,36,42,29,31,3,24,7,13,24,9,45,10,44,5,9,39,46,23,6,12,18,34,33,8,10,24,10,17,33,47,31,21,39,10,2,44,36,11,9,10,21,5,21,17,12,32,6,9,7,14,21,25,48,6,36,8,30,46,28,15,46,9,36,37,21,41,32
7,4,41,20,27,48,43,44,11,25,2,20,35,16,43,12,16,49,48,27,31,45,5,46,43,14,34,30,35,27,12,44,32,6,14,9,4,7,6,17,35,8,37,20,27,32,32,45,33,31,22,14,28,27,12,23,41,49,3,28,26,18,23,8,26,39,18,32,47,26,0,34,34,39,4,13,22,38,9,7,21,31,22,1,9,36,24,2,35,30,31,12,48,6,22,26,45,40,8,44
16,8,28,3,48,34,18,22,23,27,29,46,11,3,48,22,40,24,24,25,4,5,39,4,11,12,32,9,4,41,3,23,1,32,28,1,16,46,23,41,26,5,38,37,8,38,9,0,12,33,28,19,41,17,25,4,31,8,13,38,1,17,11,2,49,39,4,17,37,29,9,13,34,49,2,45,37,11,45,1,47,25,22,40,45,0,44,26,10,10,14,11,27,27,13,28,18,19,47,6
49,6,19,35,5,24,30,44,35,28,46,34,3,20,24,0,20,21,27,30,31,43,41,10,23,7,38,41,28,35,47,27,44,19,13,1,43,45,46,30,23,44,17,29,14,41,29,37,14,8,17,45,4,11,5,27,20,45,18,48,33,18,28,27,37,41,30,32,38,26,12,12,22,31,43,39,25,22,26,39,31,45,37,37,8,44,14,28,40,32,29,25,0,7,2,39,0,32,21,38
11,36,2,35,17,45,26,44,20,4,34,3,2,23,40,10,17,4,41,9,38,20,34,39,29,38,30,29,23,2,19,36,40,22,21,9,19,48,4,39,4,40,42,6,13,34,17,30,38,10,42,27,32,26,18,11,15,48,40,38,2,11,24,44,33,47,6,5,47,10,44,2,2,39,8,15,23,27,47,14,37,39,41,19,16,11,30,31,11,22,21,16,36,45,10,19,44,16,26,42
28,23,44,30,12,4,45,37,32,45,1,21,34,44,41,2,5,23,35,19,48,6,35,34,3,45,5,48,14,34,40,42,7,36,25,19,40,22,8,22,17,10,44,2,4,37,4,12,12,42,31,12,48,16,48,2,13,6,2,29,40,42,24,47,30,49,16,20,21,24,43,41,36,39,43,43,28,49,5,42,41,38,7,42,6,5,46,21,11,48,1,1,42,25,48,22,26,16,44,49
43,39,40,31,30,35,24,10,37,31,3,28,19,10,22,27,17,20,49,29,18,2,32,12,29,31,36,5,49,33,4,44,22,47,26,3,32,2,13,19,34,18,0,5,28,24,33,46,45,32,27,13,34,9,28,13,42,16,20,44,49,26,38,24,23,16,27,8,19,42,27,5,11,29,10,39,4,43,37,49,27,16,14,13,26,44,28,18,11,48,14,12,25,3,36,0,21,15,8,40
8,38,45,19,17,8,10,21,3,0,22,31,16,37,44,42,31,25,13,44,23,27,9,0,32,45,3,4,13,11,46,21,1,44,42,19,2,2,42,5,2,15,38,21,4,35,15,35,10,28,32,33,8,41,36,42,36,39,48,1,2,45,22,6,39,16,25,41,19,19,48,23,36,37,44,40,22,12,28,32,42,10,17,0,1,5,45,39,46,43,41,49,38,15,5,29,32,32,22,3
3,21,26,40,10,23,32,32,37,10,16,29,22,35,32,23,41,27,15,37,20,6,38,11,23,43,40,7,27,13,10,31,34,39,23,44,14,5,28,1,18,46,30,40,31,12,16,22,39,31,12,12,39,0,23,14,46,13,22,23,28,32,6,14,21,29,10,35,37,38,36,5,36,19,47,18,31,13,40,23,46,2,35,37,5,8,2,1,23,24,24,4,6,31,18,30,12,31,15,49
19,4,6,6,25,6,26,6,21,18,29,18,21,16,5,26,26,7,27,2,33,3,6,40,36,26,20,49,7,37,0,29,43,9,37,18,15,13,27,38,31,8,6,4,25,14,32,1,23,11,3,7,15,9,47,1,36,19,2,45,8,5,24,4,14,11,24,31,24,1,19,6,12,28,10,37,42,43,38,17,4,44,24,21,5,23,25,43,44,27,39,5,34,13,9,0,25,35,33,49
39,5,7,1,33,18,38,27,13,28,44,19,22,21,41,28,44,16,21,39,45,12,44,32,26,5,32,1,40,16,2,29,21,10,30,6,30,18,33,43,47,29,12,21,0,5,1,45,21,23,36,19,37,32,1,13,37,33,16,29,1,19,9,24,31,41,30,11,12,15,6,11,47,18,32,47,24,34,44,47,9,32,16,46,14,17,12,3,3,28,33,6,47,44,31,28,35,13,41,47
31,47,8,28,18,43,27,42,29,24,41,38,6,10,36,23,29,48,26,32,27,11,39,26,5,22,7,43,35,48,42,16,46,3,46,14,46,24,8,25,48,1,15,6,11,3,29,41,2,8,25,31,19,14,7,27,38,14,22,26,15,14,42,13,17,41,27,15,15,37,42,15,38,9,21,2,13,1,43,15,11,18,48,32,35,5,11,23,22,33,49,37,0,44,2,19,35,29,35,2